solid Exported from Blender-2.79 (sub 0)
facet normal 0.707108 -0.707105 0.000000
outer loop
vertex 819.999817 25.000000 185.000000
vertex 794.999939 0.000000 195.000000
vertex 794.999939 0.000000 185.000000
endloop
endfacet
facet normal 0.707110 -0.707104 0.000000
outer loop
vertex 794.999939 0.000000 195.000000
vertex 819.999817 25.000000 185.000000
vertex 819.999817 25.000000 195.000000
endloop
endfacet
facet normal -0.707110 0.707104 0.000000
outer loop
vertex 819.999817 25.000000 195.000000
vertex 819.999817 25.000000 185.000000
vertex 794.999939 0.000000 195.000000
endloop
endfacet
facet normal -0.707108 0.707105 0.000000
outer loop
vertex 794.999939 0.000000 185.000000
vertex 794.999939 0.000000 195.000000
vertex 819.999817 25.000000 185.000000
endloop
endfacet
facet normal 0.000001 0.000000 -1.000000
outer loop
vertex 25.000000 490.000031 185.000000
vertex 0.000000 25.000000 185.000000
vertex 0.000000 465.000061 185.000000
endloop
endfacet
facet normal 0.000000 0.000000 -1.000000
outer loop
vertex 0.000000 25.000000 185.000000
vertex 25.000000 490.000031 185.000000
vertex 25.000000 0.000000 185.000000
endloop
endfacet
facet normal 0.000000 0.000000 -1.000000
outer loop
vertex 25.000000 0.000000 185.000000
vertex 25.000000 490.000031 185.000000
vertex 794.999939 490.000031 185.000000
endloop
endfacet
facet normal 0.000000 0.000000 -1.000000
outer loop
vertex 25.000000 0.000000 185.000000
vertex 794.999939 490.000031 185.000000
vertex 794.999939 0.000000 185.000000
endloop
endfacet
facet normal -0.000001 0.000000 -1.000000
outer loop
vertex 794.999939 0.000000 185.000000
vertex 794.999939 490.000031 185.000000
vertex 819.999817 465.000061 185.000000
endloop
endfacet
facet normal 0.000000 0.000000 -1.000000
outer loop
vertex 794.999939 0.000000 185.000000
vertex 819.999817 465.000061 185.000000
vertex 819.999817 25.000000 185.000000
endloop
endfacet
facet normal 0.000000 0.000000 1.000000
outer loop
vertex 819.999817 25.000000 185.000000
vertex 819.999817 465.000061 185.000000
vertex 794.999939 0.000000 185.000000
endloop
endfacet
facet normal 0.000001 0.000000 1.000000
outer loop
vertex 819.999817 465.000061 185.000000
vertex 794.999939 490.000031 185.000000
vertex 794.999939 0.000000 185.000000
endloop
endfacet
facet normal 0.000000 0.000000 1.000000
outer loop
vertex 794.999939 0.000000 185.000000
vertex 794.999939 490.000031 185.000000
vertex 25.000000 0.000000 185.000000
endloop
endfacet
facet normal 0.000000 0.000000 1.000000
outer loop
vertex 794.999939 490.000031 185.000000
vertex 25.000000 490.000031 185.000000
vertex 25.000000 0.000000 185.000000
endloop
endfacet
facet normal 0.000000 0.000000 1.000000
outer loop
vertex 25.000000 0.000000 185.000000
vertex 25.000000 490.000031 185.000000
vertex 0.000000 25.000000 185.000000
endloop
endfacet
facet normal -0.000001 0.000000 1.000000
outer loop
vertex 0.000000 465.000061 185.000000
vertex 0.000000 25.000000 185.000000
vertex 25.000000 490.000031 185.000000
endloop
endfacet
facet normal 1.000000 0.000000 0.000000
outer loop
vertex 819.999817 465.000061 185.000000
vertex 819.999817 25.000000 195.000000
vertex 819.999817 25.000000 185.000000
endloop
endfacet
facet normal 1.000000 0.000000 0.000000
outer loop
vertex 819.999817 25.000000 195.000000
vertex 819.999817 465.000061 185.000000
vertex 819.999817 465.000061 195.000000
endloop
endfacet
facet normal -1.000000 0.000000 0.000000
outer loop
vertex 819.999817 465.000061 195.000000
vertex 819.999817 465.000061 185.000000
vertex 819.999817 25.000000 195.000000
endloop
endfacet
facet normal -1.000000 0.000000 0.000000
outer loop
vertex 819.999817 25.000000 185.000000
vertex 819.999817 25.000000 195.000000
vertex 819.999817 465.000061 185.000000
endloop
endfacet
facet normal 0.000000 0.000000 1.000000
outer loop
vertex 25.000000 0.000000 195.000000
vertex 0.000000 465.000061 195.000000
vertex 0.000000 25.000000 195.000000
endloop
endfacet
facet normal 0.000000 0.000000 1.000000
outer loop
vertex 0.000000 465.000061 195.000000
vertex 25.000000 0.000000 195.000000
vertex 25.000000 490.000031 195.000000
endloop
endfacet
facet normal 0.000000 0.000000 1.000000
outer loop
vertex 25.000000 490.000031 195.000000
vertex 25.000000 0.000000 195.000000
vertex 794.999939 0.000000 195.000000
endloop
endfacet
facet normal 0.000000 0.000000 1.000000
outer loop
vertex 25.000000 490.000031 195.000000
vertex 794.999939 0.000000 195.000000
vertex 794.999939 490.000031 195.000000
endloop
endfacet
facet normal 0.000000 0.000000 1.000000
outer loop
vertex 794.999939 490.000031 195.000000
vertex 794.999939 0.000000 195.000000
vertex 819.999817 25.000000 195.000000
endloop
endfacet
facet normal 0.000000 0.000000 1.000000
outer loop
vertex 794.999939 490.000031 195.000000
vertex 819.999817 25.000000 195.000000
vertex 819.999817 465.000061 195.000000
endloop
endfacet
facet normal 0.000000 0.000000 -1.000000
outer loop
vertex 819.999817 465.000061 195.000000
vertex 819.999817 25.000000 195.000000
vertex 794.999939 490.000031 195.000000
endloop
endfacet
facet normal 0.000000 0.000000 -1.000000
outer loop
vertex 819.999817 25.000000 195.000000
vertex 794.999939 0.000000 195.000000
vertex 794.999939 490.000031 195.000000
endloop
endfacet
facet normal 0.000000 0.000000 -1.000000
outer loop
vertex 794.999939 490.000031 195.000000
vertex 794.999939 0.000000 195.000000
vertex 25.000000 490.000031 195.000000
endloop
endfacet
facet normal 0.000000 0.000000 -1.000000
outer loop
vertex 794.999939 0.000000 195.000000
vertex 25.000000 0.000000 195.000000
vertex 25.000000 490.000031 195.000000
endloop
endfacet
facet normal 0.000000 0.000000 -1.000000
outer loop
vertex 25.000000 490.000031 195.000000
vertex 25.000000 0.000000 195.000000
vertex 0.000000 465.000061 195.000000
endloop
endfacet
facet normal 0.000000 0.000000 -1.000000
outer loop
vertex 0.000000 25.000000 195.000000
vertex 0.000000 465.000061 195.000000
vertex 25.000000 0.000000 195.000000
endloop
endfacet
facet normal 0.000000 -1.000000 0.000000
outer loop
vertex 794.999939 0.000000 195.000000
vertex 25.000000 0.000000 185.000000
vertex 794.999939 0.000000 185.000000
endloop
endfacet
facet normal 0.000000 -1.000000 0.000000
outer loop
vertex 25.000000 0.000000 185.000000
vertex 794.999939 0.000000 195.000000
vertex 25.000000 0.000000 195.000000
endloop
endfacet
facet normal 0.000000 1.000000 0.000000
outer loop
vertex 25.000000 0.000000 195.000000
vertex 794.999939 0.000000 195.000000
vertex 25.000000 0.000000 185.000000
endloop
endfacet
facet normal 0.000000 1.000000 0.000000
outer loop
vertex 794.999939 0.000000 185.000000
vertex 25.000000 0.000000 185.000000
vertex 794.999939 0.000000 195.000000
endloop
endfacet
facet normal -0.707107 -0.707107 0.000000
outer loop
vertex 0.000000 25.000000 195.000000
vertex 25.000000 0.000000 185.000000
vertex 25.000000 0.000000 195.000000
endloop
endfacet
facet normal -0.707107 -0.707107 0.000000
outer loop
vertex 25.000000 0.000000 185.000000
vertex 0.000000 25.000000 195.000000
vertex 0.000000 25.000000 185.000000
endloop
endfacet
facet normal 0.707107 0.707107 0.000000
outer loop
vertex 0.000000 25.000000 185.000000
vertex 0.000000 25.000000 195.000000
vertex 25.000000 0.000000 185.000000
endloop
endfacet
facet normal 0.707107 0.707107 0.000000
outer loop
vertex 25.000000 0.000000 195.000000
vertex 25.000000 0.000000 185.000000
vertex 0.000000 25.000000 195.000000
endloop
endfacet
facet normal -1.000000 0.000000 0.000000
outer loop
vertex 0.000000 465.000061 195.000000
vertex 0.000000 25.000000 185.000000
vertex 0.000000 25.000000 195.000000
endloop
endfacet
facet normal -1.000000 0.000000 0.000000
outer loop
vertex 0.000000 25.000000 185.000000
vertex 0.000000 465.000061 195.000000
vertex 0.000000 465.000061 185.000000
endloop
endfacet
facet normal 1.000000 0.000000 0.000000
outer loop
vertex 0.000000 465.000061 185.000000
vertex 0.000000 465.000061 195.000000
vertex 0.000000 25.000000 185.000000
endloop
endfacet
facet normal 1.000000 0.000000 0.000000
outer loop
vertex 0.000000 25.000000 195.000000
vertex 0.000000 25.000000 185.000000
vertex 0.000000 465.000061 195.000000
endloop
endfacet
facet normal -0.707107 0.707107 0.000000
outer loop
vertex 25.000000 490.000031 195.000000
vertex 0.000000 465.000061 185.000000
vertex 0.000000 465.000061 195.000000
endloop
endfacet
facet normal -0.707107 0.707107 0.000000
outer loop
vertex 0.000000 465.000061 185.000000
vertex 25.000000 490.000031 195.000000
vertex 25.000000 490.000031 185.000000
endloop
endfacet
facet normal 0.707107 -0.707107 0.000000
outer loop
vertex 25.000000 490.000031 185.000000
vertex 25.000000 490.000031 195.000000
vertex 0.000000 465.000061 185.000000
endloop
endfacet
facet normal 0.707107 -0.707107 0.000000
outer loop
vertex 0.000000 465.000061 195.000000
vertex 0.000000 465.000061 185.000000
vertex 25.000000 490.000031 195.000000
endloop
endfacet
facet normal 0.000000 1.000000 0.000000
outer loop
vertex 25.000000 490.000031 195.000000
vertex 794.999939 490.000031 185.000000
vertex 25.000000 490.000031 185.000000
endloop
endfacet
facet normal 0.000000 1.000000 0.000000
outer loop
vertex 794.999939 490.000031 185.000000
vertex 25.000000 490.000031 195.000000
vertex 794.999939 490.000031 195.000000
endloop
endfacet
facet normal 0.000000 -1.000000 0.000000
outer loop
vertex 794.999939 490.000031 195.000000
vertex 25.000000 490.000031 195.000000
vertex 794.999939 490.000031 185.000000
endloop
endfacet
facet normal 0.000000 -1.000000 0.000000
outer loop
vertex 25.000000 490.000031 185.000000
vertex 794.999939 490.000031 185.000000
vertex 25.000000 490.000031 195.000000
endloop
endfacet
facet normal 0.707110 0.707104 0.000000
outer loop
vertex 794.999939 490.000031 185.000000
vertex 819.999817 465.000061 195.000000
vertex 819.999817 465.000061 185.000000
endloop
endfacet
facet normal 0.707108 0.707105 0.000000
outer loop
vertex 819.999817 465.000061 195.000000
vertex 794.999939 490.000031 185.000000
vertex 794.999939 490.000031 195.000000
endloop
endfacet
facet normal -0.707108 -0.707105 0.000000
outer loop
vertex 794.999939 490.000031 195.000000
vertex 794.999939 490.000031 185.000000
vertex 819.999817 465.000061 195.000000
endloop
endfacet
facet normal -0.707110 -0.707104 0.000000
outer loop
vertex 819.999817 465.000061 185.000000
vertex 819.999817 465.000061 195.000000
vertex 794.999939 490.000031 185.000000
endloop
endfacet
facet normal 0.923880 0.000001 -0.382682
outer loop
vertex 434.148041 39.999985 68.529526
vertex 431.650513 159.999985 62.500000
vertex 434.148010 159.999985 68.529526
endloop
endfacet
facet normal 0.923879 0.000000 -0.382686
outer loop
vertex 431.650513 159.999985 62.500000
vertex 434.148041 39.999985 68.529526
vertex 431.650513 39.999985 62.500000
endloop
endfacet
facet normal 0.000000 -1.000000 0.000000
outer loop
vertex 416.470367 39.999985 50.851852
vertex 403.529419 39.999985 50.851852
vertex 409.999878 39.999985 50.000000
endloop
endfacet
facet normal 0.000000 -1.000000 -0.000002
outer loop
vertex 403.529419 39.999985 50.851852
vertex 416.470367 39.999985 50.851852
vertex 422.499878 39.999985 53.349365
endloop
endfacet
facet normal 0.000000 -1.000000 0.000000
outer loop
vertex 403.529419 39.999985 50.851852
vertex 422.499878 39.999985 53.349365
vertex 397.499878 39.999985 53.349365
endloop
endfacet
facet normal 0.000000 -1.000000 -0.000001
outer loop
vertex 397.499878 39.999985 53.349365
vertex 422.499878 39.999985 53.349365
vertex 427.677551 39.999985 57.322330
endloop
endfacet
facet normal 0.000000 -1.000000 0.000002
outer loop
vertex 397.499878 39.999985 53.349365
vertex 427.677551 39.999985 57.322330
vertex 392.322235 39.999985 57.322330
endloop
endfacet
facet normal 0.000000 -1.000000 -0.000001
outer loop
vertex 392.322235 39.999985 57.322330
vertex 427.677551 39.999985 57.322330
vertex 431.650513 39.999985 62.500000
endloop
endfacet
facet normal 0.000000 -1.000000 -0.000001
outer loop
vertex 392.322235 39.999985 57.322330
vertex 431.650513 39.999985 62.500000
vertex 388.349243 39.999977 62.500000
endloop
endfacet
facet normal 0.000000 -1.000000 0.000000
outer loop
vertex 388.349243 39.999977 62.500000
vertex 431.650513 39.999985 62.500000
vertex 434.148041 39.999985 68.529526
endloop
endfacet
facet normal 0.000000 -1.000000 -0.000001
outer loop
vertex 388.349243 39.999977 62.500000
vertex 434.148041 39.999985 68.529526
vertex 385.851746 39.999977 68.529526
endloop
endfacet
facet normal 0.000000 -1.000000 0.000000
outer loop
vertex 385.851746 39.999977 68.529526
vertex 434.148041 39.999985 68.529526
vertex 434.999878 39.999985 75.000000
endloop
endfacet
facet normal 0.000000 -1.000000 0.000000
outer loop
vertex 385.851746 39.999977 68.529526
vertex 434.999878 39.999985 75.000000
vertex 384.999878 39.999977 75.000000
endloop
endfacet
facet normal 0.000000 -1.000000 -0.000000
outer loop
vertex 384.999878 39.999977 75.000000
vertex 434.999878 39.999985 75.000000
vertex 434.148041 39.999985 81.470474
endloop
endfacet
facet normal 0.000000 -1.000000 0.000000
outer loop
vertex 384.999878 39.999977 75.000000
vertex 434.148041 39.999985 81.470474
vertex 385.851746 39.999977 81.470474
endloop
endfacet
facet normal 0.000000 -1.000000 0.000001
outer loop
vertex 385.851746 39.999977 81.470474
vertex 434.148041 39.999985 81.470474
vertex 431.650513 39.999985 87.500000
endloop
endfacet
facet normal 0.000000 -1.000000 0.000000
outer loop
vertex 385.851746 39.999977 81.470474
vertex 431.650513 39.999985 87.500000
vertex 388.349243 39.999977 87.500000
endloop
endfacet
facet normal 0.000000 -1.000000 0.000001
outer loop
vertex 388.349243 39.999977 87.500000
vertex 431.650513 39.999985 87.500000
vertex 427.677551 39.999985 92.677658
endloop
endfacet
facet normal 0.000000 -1.000000 0.000001
outer loop
vertex 388.349243 39.999977 87.500000
vertex 427.677551 39.999985 92.677658
vertex 392.322235 39.999985 92.677658
endloop
endfacet
facet normal 0.000000 -1.000000 -0.000001
outer loop
vertex 392.322235 39.999985 92.677658
vertex 427.677551 39.999985 92.677658
vertex 422.499878 39.999985 96.650635
endloop
endfacet
facet normal 0.000000 -1.000000 0.000001
outer loop
vertex 392.322235 39.999985 92.677658
vertex 422.499878 39.999985 96.650635
vertex 397.499878 39.999985 96.650635
endloop
endfacet
facet normal 0.000000 -1.000000 -0.000001
outer loop
vertex 397.499878 39.999985 96.650635
vertex 422.499878 39.999985 96.650635
vertex 416.470367 39.999985 99.148132
endloop
endfacet
facet normal 0.000000 -1.000000 0.000004
outer loop
vertex 397.499878 39.999985 96.650635
vertex 416.470367 39.999985 99.148132
vertex 403.529419 39.999985 99.148132
endloop
endfacet
facet normal 0.000000 -1.000000 0.000000
outer loop
vertex 403.529419 39.999985 99.148132
vertex 416.470367 39.999985 99.148132
vertex 409.999878 39.999985 100.000000
endloop
endfacet
facet normal 0.793354 0.000000 -0.608761
outer loop
vertex 431.650513 39.999985 62.500000
vertex 427.677551 159.999985 57.322330
vertex 431.650513 159.999985 62.500000
endloop
endfacet
facet normal 0.793354 0.000000 -0.608761
outer loop
vertex 427.677551 159.999985 57.322330
vertex 431.650513 39.999985 62.500000
vertex 427.677551 39.999985 57.322330
endloop
endfacet
facet normal 0.000000 1.000000 0.000000
outer loop
vertex 403.529419 159.999985 50.851852
vertex 416.470337 159.999985 50.851852
vertex 409.999878 159.999985 50.000000
endloop
endfacet
facet normal 0.000000 1.000000 -0.000015
outer loop
vertex 416.470337 159.999985 50.851852
vertex 403.529419 159.999985 50.851852
vertex 422.499878 159.999985 53.349365
endloop
endfacet
facet normal 0.000000 1.000000 0.000004
outer loop
vertex 422.499878 159.999985 53.349365
vertex 403.529419 159.999985 50.851852
vertex 397.499878 159.999985 53.349365
endloop
endfacet
facet normal 0.000000 1.000000 0.000000
outer loop
vertex 422.499878 159.999985 53.349365
vertex 397.499878 159.999985 53.349365
vertex 427.677551 159.999985 57.322330
endloop
endfacet
facet normal 0.000000 1.000000 -0.000001
outer loop
vertex 427.677551 159.999985 57.322330
vertex 397.499878 159.999985 53.349365
vertex 392.322205 159.999985 57.322330
endloop
endfacet
facet normal 0.000000 1.000000 -0.000001
outer loop
vertex 427.677551 159.999985 57.322330
vertex 392.322205 159.999985 57.322330
vertex 388.349243 159.999985 62.500000
endloop
endfacet
facet normal 0.000000 1.000000 0.000000
outer loop
vertex 427.677551 159.999985 57.322330
vertex 388.349243 159.999985 62.500000
vertex 431.650513 159.999985 62.500000
endloop
endfacet
facet normal 0.000000 1.000000 0.000000
outer loop
vertex 431.650513 159.999985 62.500000
vertex 388.349243 159.999985 62.500000
vertex 434.148010 159.999985 68.529526
endloop
endfacet
facet normal 0.000000 1.000000 0.000003
outer loop
vertex 434.148010 159.999985 68.529526
vertex 388.349243 159.999985 62.500000
vertex 385.851746 159.999985 68.529526
endloop
endfacet
facet normal 0.000000 1.000000 0.000000
outer loop
vertex 434.148010 159.999985 68.529526
vertex 385.851746 159.999985 68.529526
vertex 434.999878 159.999985 75.000000
endloop
endfacet
facet normal 0.000000 1.000000 -0.000000
outer loop
vertex 434.999878 159.999985 75.000000
vertex 385.851746 159.999985 68.529526
vertex 384.999878 159.999985 75.000000
endloop
endfacet
facet normal 0.000000 1.000000 0.000000
outer loop
vertex 434.999878 159.999985 75.000000
vertex 384.999878 159.999985 75.000000
vertex 385.851746 159.999985 81.470474
endloop
endfacet
facet normal 0.000000 1.000000 0.000000
outer loop
vertex 434.999878 159.999985 75.000000
vertex 385.851746 159.999985 81.470474
vertex 434.148010 159.999985 81.470474
endloop
endfacet
facet normal 0.000000 1.000000 -0.000003
outer loop
vertex 434.148010 159.999985 81.470474
vertex 385.851746 159.999985 81.470474
vertex 431.650513 159.999985 87.500000
endloop
endfacet
facet normal 0.000000 1.000000 0.000000
outer loop
vertex 431.650513 159.999985 87.500000
vertex 385.851746 159.999985 81.470474
vertex 388.349243 159.999985 87.500000
endloop
endfacet
facet normal 0.000000 1.000000 0.000000
outer loop
vertex 431.650513 159.999985 87.500000
vertex 388.349243 159.999985 87.500000
vertex 427.677551 159.999985 92.677658
endloop
endfacet
facet normal 0.000000 1.000000 0.000001
outer loop
vertex 427.677551 159.999985 92.677658
vertex 388.349243 159.999985 87.500000
vertex 392.322205 159.999985 92.677658
endloop
endfacet
facet normal 0.000000 1.000000 0.000000
outer loop
vertex 427.677551 159.999985 92.677658
vertex 392.322205 159.999985 92.677658
vertex 422.499878 159.999985 96.650635
endloop
endfacet
facet normal 0.000000 1.000000 0.000001
outer loop
vertex 422.499878 159.999985 96.650635
vertex 392.322205 159.999985 92.677658
vertex 397.499878 159.999985 96.650635
endloop
endfacet
facet normal 0.000000 1.000000 -0.000008
outer loop
vertex 422.499878 159.999985 96.650635
vertex 397.499878 159.999985 96.650635
vertex 416.470337 159.999985 99.148132
endloop
endfacet
facet normal 0.000000 1.000000 0.000008
outer loop
vertex 416.470337 159.999985 99.148132
vertex 397.499878 159.999985 96.650635
vertex 403.529419 159.999985 99.148132
endloop
endfacet
facet normal 0.000000 1.000000 0.000000
outer loop
vertex 416.470337 159.999985 99.148132
vertex 403.529419 159.999985 99.148132
vertex 409.999878 159.999985 100.000000
endloop
endfacet
facet normal 0.991445 0.000000 -0.130528
outer loop
vertex 434.999878 39.999985 75.000000
vertex 434.148010 159.999985 68.529526
vertex 434.999878 159.999985 75.000000
endloop
endfacet
facet normal 0.991445 0.000001 -0.130524
outer loop
vertex 434.148010 159.999985 68.529526
vertex 434.999878 39.999985 75.000000
vertex 434.148041 39.999985 68.529526
endloop
endfacet
facet normal 0.991445 0.000001 0.130528
outer loop
vertex 434.148041 39.999985 81.470474
vertex 434.999878 159.999985 75.000000
vertex 434.148010 159.999985 81.470474
endloop
endfacet
facet normal 0.991445 0.000000 0.130524
outer loop
vertex 434.999878 159.999985 75.000000
vertex 434.148041 39.999985 81.470474
vertex 434.999878 39.999985 75.000000
endloop
endfacet
facet normal 0.923880 0.000000 0.382682
outer loop
vertex 431.650513 39.999985 87.500000
vertex 434.148010 159.999985 81.470474
vertex 431.650513 159.999985 87.500000
endloop
endfacet
facet normal 0.923879 0.000001 0.382686
outer loop
vertex 434.148010 159.999985 81.470474
vertex 431.650513 39.999985 87.500000
vertex 434.148041 39.999985 81.470474
endloop
endfacet
facet normal 0.793354 0.000000 0.608761
outer loop
vertex 427.677551 39.999985 92.677658
vertex 431.650513 159.999985 87.500000
vertex 427.677551 159.999985 92.677658
endloop
endfacet
facet normal 0.793353 0.000000 0.608762
outer loop
vertex 431.650513 159.999985 87.500000
vertex 427.677551 39.999985 92.677658
vertex 431.650513 39.999985 87.500000
endloop
endfacet
facet normal 0.608761 0.000000 0.793354
outer loop
vertex 427.677551 159.999985 92.677658
vertex 422.499878 39.999985 96.650635
vertex 427.677551 39.999985 92.677658
endloop
endfacet
facet normal 0.608763 0.000000 0.793352
outer loop
vertex 422.499878 39.999985 96.650635
vertex 427.677551 159.999985 92.677658
vertex 422.499878 159.999985 96.650635
endloop
endfacet
facet normal 0.382682 0.000000 0.923880
outer loop
vertex 422.499878 159.999985 96.650635
vertex 416.470367 39.999985 99.148132
vertex 422.499878 39.999985 96.650635
endloop
endfacet
facet normal 0.382680 0.000000 0.923881
outer loop
vertex 416.470367 39.999985 99.148132
vertex 422.499878 159.999985 96.650635
vertex 416.470337 159.999985 99.148132
endloop
endfacet
facet normal 0.130529 0.000000 0.991445
outer loop
vertex 416.470337 159.999985 99.148132
vertex 409.999878 39.999985 100.000000
vertex 416.470367 39.999985 99.148132
endloop
endfacet
facet normal 0.130529 0.000000 0.991444
outer loop
vertex 409.999878 39.999985 100.000000
vertex 416.470337 159.999985 99.148132
vertex 409.999878 159.999985 100.000000
endloop
endfacet
facet normal -0.130529 0.000000 0.991444
outer loop
vertex 409.999878 159.999985 100.000000
vertex 403.529419 39.999985 99.148132
vertex 409.999878 39.999985 100.000000
endloop
endfacet
facet normal -0.130529 0.000000 0.991444
outer loop
vertex 403.529419 39.999985 99.148132
vertex 409.999878 159.999985 100.000000
vertex 403.529419 159.999985 99.148132
endloop
endfacet
facet normal -0.382680 0.000000 0.923881
outer loop
vertex 403.529419 159.999985 99.148132
vertex 397.499878 39.999985 96.650635
vertex 403.529419 39.999985 99.148132
endloop
endfacet
facet normal -0.382680 0.000000 0.923881
outer loop
vertex 397.499878 39.999985 96.650635
vertex 403.529419 159.999985 99.148132
vertex 397.499878 159.999985 96.650635
endloop
endfacet
facet normal -0.608765 0.000000 0.793351
outer loop
vertex 397.499878 159.999985 96.650635
vertex 392.322235 39.999985 92.677658
vertex 397.499878 39.999985 96.650635
endloop
endfacet
facet normal -0.608761 -0.000000 0.793354
outer loop
vertex 392.322235 39.999985 92.677658
vertex 397.499878 159.999985 96.650635
vertex 392.322205 159.999985 92.677658
endloop
endfacet
facet normal -0.793353 0.000000 0.608762
outer loop
vertex 388.349243 39.999977 87.500000
vertex 392.322205 159.999985 92.677658
vertex 388.349243 159.999985 87.500000
endloop
endfacet
facet normal -0.793351 -0.000000 0.608764
outer loop
vertex 392.322205 159.999985 92.677658
vertex 388.349243 39.999977 87.500000
vertex 392.322235 39.999985 92.677658
endloop
endfacet
facet normal -0.923880 0.000000 0.382682
outer loop
vertex 385.851746 39.999977 81.470474
vertex 388.349243 159.999985 87.500000
vertex 385.851746 159.999985 81.470474
endloop
endfacet
facet normal -0.923880 0.000000 0.382682
outer loop
vertex 388.349243 159.999985 87.500000
vertex 385.851746 39.999977 81.470474
vertex 388.349243 39.999977 87.500000
endloop
endfacet
facet normal -0.991445 0.000000 0.130528
outer loop
vertex 384.999878 39.999977 75.000000
vertex 385.851746 159.999985 81.470474
vertex 384.999878 159.999985 75.000000
endloop
endfacet
facet normal -0.991445 0.000000 0.130528
outer loop
vertex 385.851746 159.999985 81.470474
vertex 384.999878 39.999977 75.000000
vertex 385.851746 39.999977 81.470474
endloop
endfacet
facet normal -0.991445 0.000000 -0.130528
outer loop
vertex 385.851746 39.999977 68.529526
vertex 384.999878 159.999985 75.000000
vertex 385.851746 159.999985 68.529526
endloop
endfacet
facet normal -0.991445 0.000000 -0.130528
outer loop
vertex 384.999878 159.999985 75.000000
vertex 385.851746 39.999977 68.529526
vertex 384.999878 39.999977 75.000000
endloop
endfacet
facet normal -0.923880 0.000000 -0.382682
outer loop
vertex 388.349243 39.999977 62.500000
vertex 385.851746 159.999985 68.529526
vertex 388.349243 159.999985 62.500000
endloop
endfacet
facet normal -0.923880 0.000000 -0.382681
outer loop
vertex 385.851746 159.999985 68.529526
vertex 388.349243 39.999977 62.500000
vertex 385.851746 39.999977 68.529526
endloop
endfacet
facet normal -0.793354 -0.000000 -0.608761
outer loop
vertex 392.322235 39.999985 57.322330
vertex 388.349243 159.999985 62.500000
vertex 392.322205 159.999985 57.322330
endloop
endfacet
facet normal -0.793351 0.000000 -0.608764
outer loop
vertex 388.349243 159.999985 62.500000
vertex 392.322235 39.999985 57.322330
vertex 388.349243 39.999977 62.500000
endloop
endfacet
facet normal -0.608763 0.000000 -0.793352
outer loop
vertex 392.322235 39.999985 57.322330
vertex 397.499878 159.999985 53.349365
vertex 397.499878 39.999985 53.349365
endloop
endfacet
facet normal -0.608761 -0.000000 -0.793354
outer loop
vertex 397.499878 159.999985 53.349365
vertex 392.322235 39.999985 57.322330
vertex 392.322205 159.999985 57.322330
endloop
endfacet
facet normal -0.382684 0.000000 -0.923880
outer loop
vertex 397.499878 39.999985 53.349365
vertex 403.529419 159.999985 50.851852
vertex 403.529419 39.999985 50.851852
endloop
endfacet
facet normal -0.382682 0.000000 -0.923880
outer loop
vertex 403.529419 159.999985 50.851852
vertex 397.499878 39.999985 53.349365
vertex 397.499878 159.999985 53.349365
endloop
endfacet
facet normal -0.130527 0.000000 -0.991445
outer loop
vertex 403.529419 39.999985 50.851852
vertex 409.999878 159.999985 50.000000
vertex 409.999878 39.999985 50.000000
endloop
endfacet
facet normal -0.130525 0.000000 -0.991445
outer loop
vertex 409.999878 159.999985 50.000000
vertex 403.529419 39.999985 50.851852
vertex 403.529419 159.999985 50.851852
endloop
endfacet
facet normal 0.130525 0.000000 -0.991445
outer loop
vertex 409.999878 39.999985 50.000000
vertex 416.470337 159.999985 50.851852
vertex 416.470367 39.999985 50.851852
endloop
endfacet
facet normal 0.130527 0.000000 -0.991445
outer loop
vertex 416.470337 159.999985 50.851852
vertex 409.999878 39.999985 50.000000
vertex 409.999878 159.999985 50.000000
endloop
endfacet
facet normal 0.382684 0.000000 -0.923879
outer loop
vertex 416.470367 39.999985 50.851852
vertex 422.499878 159.999985 53.349365
vertex 422.499878 39.999985 53.349365
endloop
endfacet
facet normal 0.382683 0.000000 -0.923880
outer loop
vertex 422.499878 159.999985 53.349365
vertex 416.470367 39.999985 50.851852
vertex 416.470337 159.999985 50.851852
endloop
endfacet
facet normal 0.608761 0.000000 -0.793354
outer loop
vertex 422.499878 39.999985 53.349365
vertex 427.677551 159.999985 57.322330
vertex 427.677551 39.999985 57.322330
endloop
endfacet
facet normal 0.608761 0.000000 -0.793354
outer loop
vertex 427.677551 159.999985 57.322330
vertex 422.499878 39.999985 53.349365
vertex 422.499878 159.999985 53.349365
endloop
endfacet
facet normal -0.923880 0.000000 -0.382682
outer loop
vertex 385.851837 450.000061 68.529526
vertex 388.349335 330.000061 62.500000
vertex 385.851837 330.000061 68.529526
endloop
endfacet
facet normal -0.923880 0.000000 -0.382682
outer loop
vertex 388.349335 330.000061 62.500000
vertex 385.851837 450.000061 68.529526
vertex 388.349335 450.000061 62.500000
endloop
endfacet
facet normal 0.000000 1.000000 0.000000
outer loop
vertex 403.529480 450.000061 50.851852
vertex 416.470428 450.000061 50.851852
vertex 409.999969 450.000061 50.000000
endloop
endfacet
facet normal 0.000000 1.000000 -0.000015
outer loop
vertex 416.470428 450.000061 50.851852
vertex 403.529480 450.000061 50.851852
vertex 397.499969 450.000061 53.349365
endloop
endfacet
facet normal 0.000000 1.000000 0.000000
outer loop
vertex 416.470428 450.000061 50.851852
vertex 397.499969 450.000061 53.349365
vertex 422.499969 450.000061 53.349365
endloop
endfacet
facet normal 0.000000 1.000000 0.000005
outer loop
vertex 422.499969 450.000061 53.349365
vertex 397.499969 450.000061 53.349365
vertex 392.322296 450.000061 57.322330
endloop
endfacet
facet normal 0.000000 1.000000 0.000000
outer loop
vertex 422.499969 450.000061 53.349365
vertex 392.322296 450.000061 57.322330
vertex 427.677643 450.000061 57.322330
endloop
endfacet
facet normal 0.000000 1.000000 0.000009
outer loop
vertex 427.677643 450.000061 57.322330
vertex 392.322296 450.000061 57.322330
vertex 388.349335 450.000061 62.500000
endloop
endfacet
facet normal 0.000000 1.000000 -0.000017
outer loop
vertex 427.677643 450.000061 57.322330
vertex 388.349335 450.000061 62.500000
vertex 431.650604 450.000061 62.500000
endloop
endfacet
facet normal 0.000000 1.000000 0.000007
outer loop
vertex 431.650604 450.000061 62.500000
vertex 388.349335 450.000061 62.500000
vertex 385.851837 450.000061 68.529526
endloop
endfacet
facet normal 0.000000 1.000000 -0.000013
outer loop
vertex 431.650604 450.000061 62.500000
vertex 385.851837 450.000061 68.529526
vertex 434.148102 450.000061 68.529526
endloop
endfacet
facet normal 0.000000 1.000000 0.000004
outer loop
vertex 434.148102 450.000061 68.529526
vertex 385.851837 450.000061 68.529526
vertex 384.999969 450.000061 75.000000
endloop
endfacet
facet normal 0.000000 1.000000 -0.000012
outer loop
vertex 434.148102 450.000061 68.529526
vertex 384.999969 450.000061 75.000000
vertex 434.999969 450.000061 75.000000
endloop
endfacet
facet normal 0.000000 1.000000 0.000008
outer loop
vertex 434.999969 450.000061 75.000000
vertex 384.999969 450.000061 75.000000
vertex 385.851837 450.000061 81.470474
endloop
endfacet
facet normal 0.000000 1.000000 0.000000
outer loop
vertex 434.999969 450.000061 75.000000
vertex 385.851837 450.000061 81.470474
vertex 434.148102 450.000061 81.470474
endloop
endfacet
facet normal 0.000000 1.000000 0.000007
outer loop
vertex 434.148102 450.000061 81.470474
vertex 385.851837 450.000061 81.470474
vertex 388.349335 450.000061 87.500000
endloop
endfacet
facet normal 0.000000 1.000000 0.000000
outer loop
vertex 434.148102 450.000061 81.470474
vertex 388.349335 450.000061 87.500000
vertex 431.650604 450.000061 87.500000
endloop
endfacet
facet normal 0.000000 1.000000 0.000010
outer loop
vertex 431.650604 450.000061 87.500000
vertex 388.349335 450.000061 87.500000
vertex 392.322296 450.000061 92.677658
endloop
endfacet
facet normal 0.000000 1.000000 -0.000011
outer loop
vertex 431.650604 450.000061 87.500000
vertex 392.322296 450.000061 92.677658
vertex 427.677643 450.000061 92.677658
endloop
endfacet
facet normal 0.000000 1.000000 -0.000003
outer loop
vertex 427.677643 450.000061 92.677658
vertex 392.322296 450.000061 92.677658
vertex 397.499969 450.000061 96.650635
endloop
endfacet
facet normal 0.000000 1.000000 0.000000
outer loop
vertex 427.677643 450.000061 92.677658
vertex 397.499969 450.000061 96.650635
vertex 422.499969 450.000061 96.650635
endloop
endfacet
facet normal 0.000000 1.000000 0.000008
outer loop
vertex 422.499969 450.000061 96.650635
vertex 397.499969 450.000061 96.650635
vertex 403.529480 450.000061 99.148132
endloop
endfacet
facet normal 0.000000 1.000000 0.000000
outer loop
vertex 422.499969 450.000061 96.650635
vertex 403.529480 450.000061 99.148132
vertex 416.470428 450.000061 99.148132
endloop
endfacet
facet normal 0.000000 1.000000 0.000000
outer loop
vertex 416.470428 450.000061 99.148132
vertex 403.529480 450.000061 99.148132
vertex 409.999969 450.000061 100.000000
endloop
endfacet
facet normal -0.793354 0.000000 -0.608761
outer loop
vertex 388.349335 450.000061 62.500000
vertex 392.322296 330.000061 57.322330
vertex 388.349335 330.000061 62.500000
endloop
endfacet
facet normal -0.793354 0.000000 -0.608761
outer loop
vertex 392.322296 330.000061 57.322330
vertex 388.349335 450.000061 62.500000
vertex 392.322296 450.000061 57.322330
endloop
endfacet
facet normal 0.000000 -1.000000 -0.000044
outer loop
vertex 416.470428 330.000061 50.851852
vertex 403.529480 330.000061 50.851852
vertex 409.999969 330.000061 50.000000
endloop
endfacet
facet normal 0.000000 -1.000000 0.000000
outer loop
vertex 403.529480 330.000061 50.851852
vertex 416.470428 330.000061 50.851852
vertex 397.499969 330.000061 53.349365
endloop
endfacet
facet normal 0.000000 -1.000000 0.000020
outer loop
vertex 397.499969 330.000061 53.349365
vertex 416.470428 330.000061 50.851852
vertex 422.499969 330.000061 53.349365
endloop
endfacet
facet normal 0.000000 -1.000000 -0.000020
outer loop
vertex 397.499969 330.000061 53.349365
vertex 422.499969 330.000061 53.349365
vertex 392.322296 330.000061 57.322330
endloop
endfacet
facet normal 0.000000 -1.000000 0.000003
outer loop
vertex 392.322296 330.000061 57.322330
vertex 422.499969 330.000061 53.349365
vertex 427.677643 330.000061 57.322330
endloop
endfacet
facet normal 0.000000 -1.000000 -0.000004
outer loop
vertex 392.322296 330.000061 57.322330
vertex 427.677643 330.000061 57.322330
vertex 431.650604 330.000061 62.500000
endloop
endfacet
facet normal 0.000000 -1.000000 0.000009
outer loop
vertex 392.322296 330.000061 57.322330
vertex 431.650604 330.000061 62.500000
vertex 388.349335 330.000061 62.500000
endloop
endfacet
facet normal 0.000000 -1.000000 0.000000
outer loop
vertex 388.349335 330.000061 62.500000
vertex 431.650604 330.000061 62.500000
vertex 385.851837 330.000061 68.529526
endloop
endfacet
facet normal 0.000000 -1.000000 0.000003
outer loop
vertex 385.851837 330.000061 68.529526
vertex 431.650604 330.000061 62.500000
vertex 434.148102 330.000061 68.529526
endloop
endfacet
facet normal 0.000000 -1.000000 0.000000
outer loop
vertex 385.851837 330.000061 68.529526
vertex 434.148102 330.000061 68.529526
vertex 384.999969 330.000061 75.000000
endloop
endfacet
facet normal 0.000000 -1.000000 0.000005
outer loop
vertex 384.999969 330.000061 75.000000
vertex 434.148102 330.000061 68.529526
vertex 434.999969 330.000061 75.000000
endloop
endfacet
facet normal 0.000000 -1.000000 -0.000005
outer loop
vertex 384.999969 330.000061 75.000000
vertex 434.999969 330.000061 75.000000
vertex 434.148102 330.000061 81.470474
endloop
endfacet
facet normal 0.000000 -1.000000 0.000000
outer loop
vertex 384.999969 330.000061 75.000000
vertex 434.148102 330.000061 81.470474
vertex 385.851837 330.000061 81.470474
endloop
endfacet
facet normal 0.000000 -1.000000 0.000000
outer loop
vertex 385.851837 330.000061 81.470474
vertex 434.148102 330.000061 81.470474
vertex 388.349335 330.000061 87.500000
endloop
endfacet
facet normal 0.000000 -1.000000 0.000004
outer loop
vertex 388.349335 330.000061 87.500000
vertex 434.148102 330.000061 81.470474
vertex 431.650604 330.000061 87.500000
endloop
endfacet
facet normal 0.000000 -1.000000 -0.000009
outer loop
vertex 388.349335 330.000061 87.500000
vertex 431.650604 330.000061 87.500000
vertex 392.322296 330.000061 92.677658
endloop
endfacet
facet normal 0.000000 -1.000000 0.000004
outer loop
vertex 392.322296 330.000061 92.677658
vertex 431.650604 330.000061 87.500000
vertex 427.677643 330.000061 92.677658
endloop
endfacet
facet normal 0.000000 -1.000000 0.000000
outer loop
vertex 392.322296 330.000061 92.677658
vertex 427.677643 330.000061 92.677658
vertex 397.499969 330.000061 96.650635
endloop
endfacet
facet normal 0.000000 -1.000000 0.000015
outer loop
vertex 397.499969 330.000061 96.650635
vertex 427.677643 330.000061 92.677658
vertex 422.499969 330.000061 96.650635
endloop
endfacet
facet normal 0.000000 -1.000000 -0.000016
outer loop
vertex 397.499969 330.000061 96.650635
vertex 422.499969 330.000061 96.650635
vertex 403.529480 330.000061 99.148132
endloop
endfacet
facet normal 0.000000 -1.000000 -0.000008
outer loop
vertex 403.529480 330.000061 99.148132
vertex 422.499969 330.000061 96.650635
vertex 416.470428 330.000061 99.148132
endloop
endfacet
facet normal 0.000000 -1.000000 0.000044
outer loop
vertex 403.529480 330.000061 99.148132
vertex 416.470428 330.000061 99.148132
vertex 409.999969 330.000061 100.000000
endloop
endfacet
facet normal -0.991445 0.000000 -0.130528
outer loop
vertex 384.999969 450.000061 75.000000
vertex 385.851837 330.000061 68.529526
vertex 384.999969 330.000061 75.000000
endloop
endfacet
facet normal -0.991445 0.000000 -0.130528
outer loop
vertex 385.851837 330.000061 68.529526
vertex 384.999969 450.000061 75.000000
vertex 385.851837 450.000061 68.529526
endloop
endfacet
facet normal -0.991445 0.000000 0.130528
outer loop
vertex 385.851837 450.000061 81.470474
vertex 384.999969 330.000061 75.000000
vertex 385.851837 330.000061 81.470474
endloop
endfacet
facet normal -0.991445 0.000000 0.130528
outer loop
vertex 384.999969 330.000061 75.000000
vertex 385.851837 450.000061 81.470474
vertex 384.999969 450.000061 75.000000
endloop
endfacet
facet normal -0.923880 0.000000 0.382682
outer loop
vertex 388.349335 450.000061 87.500000
vertex 385.851837 330.000061 81.470474
vertex 388.349335 330.000061 87.500000
endloop
endfacet
facet normal -0.923880 0.000000 0.382682
outer loop
vertex 385.851837 330.000061 81.470474
vertex 388.349335 450.000061 87.500000
vertex 385.851837 450.000061 81.470474
endloop
endfacet
facet normal -0.793354 0.000000 0.608761
outer loop
vertex 392.322296 450.000061 92.677658
vertex 388.349335 330.000061 87.500000
vertex 392.322296 330.000061 92.677658
endloop
endfacet
facet normal -0.793353 0.000000 0.608762
outer loop
vertex 388.349335 330.000061 87.500000
vertex 392.322296 450.000061 92.677658
vertex 388.349335 450.000061 87.500000
endloop
endfacet
facet normal -0.608761 0.000000 0.793354
outer loop
vertex 392.322296 330.000061 92.677658
vertex 397.499969 450.000061 96.650635
vertex 392.322296 450.000061 92.677658
endloop
endfacet
facet normal -0.608763 0.000000 0.793352
outer loop
vertex 397.499969 450.000061 96.650635
vertex 392.322296 330.000061 92.677658
vertex 397.499969 330.000061 96.650635
endloop
endfacet
facet normal -0.382682 0.000000 0.923880
outer loop
vertex 397.499969 330.000061 96.650635
vertex 403.529480 450.000061 99.148132
vertex 397.499969 450.000061 96.650635
endloop
endfacet
facet normal -0.382682 0.000000 0.923880
outer loop
vertex 403.529480 450.000061 99.148132
vertex 397.499969 330.000061 96.650635
vertex 403.529480 330.000061 99.148132
endloop
endfacet
facet normal -0.130529 0.000000 0.991445
